0
1
1
1
0
2
1
2
2
2
2
2
2
3
3
4
3
3
4
4
5
3
4
5
3
4
5
5
6
6
5
5
5
7
7
7
7
7
7
8
8
7
7
8
10
10
9
9
10
10
10
11
10
10
12
10
10
13
12
12
11
11
13
13
13
13
12
13
13
14
14
15
14
15
15
15
15
15
15
15
15
18
15
15
15
17
17
18
18
17
18
19
17
18
17
19
18
19
19
20
19
20
19
19
19
21
20
22
21
22
21
21
22
22
22
22
23
22
23
23
24
24
25
24
25
25
25
26
25
26
25
25
24
25
26
26
26
26
27
28
25
28
28
28
29
28
27
29
27
28
28
30
29
29
29
30
30
29
29
30
31
30
31
30
31
31
31
31
31
30
31
31
31
31
33
31
32
31
31
33
35
34
34
34
35
35
35
36
36
36
34
36
36
35
36
36
36
35
36
37
38
38
37
37
38
39
39
39
38
39
39
40
39
39
39
39
39
39
40
40
41
40
41
41
41
42
42
41
42
42
41
43
42
44
43
42
43
44
45
44
44
43
45
44
45
46
44
45
45
45
45
46
46
46
45
48
48
48
46
47
47
48
48
48
48
48
48
48
47
48
48
50
48
48
50
49
49
49
50
49
50
52
50
51
51
51
51
52
53
52
51
52
53
53
54
54
52
54
54
55
54
53
55
54
54
55
55
55
55
54
55
56
56
56
56
58
57
56
58
56
58
58
57
58
58
58
59
59
58
60
60
59
59
59
60
60
59
59
60
61
61
60
61
61
61
61
62
61
61
62
61
62
62
62
62
63
63
63
61
63
63
63
63
63
63
63
63
63
63
63
63
63
63
63
63
63
63
63
63
63
63
63
63
67
66
66
67
63
66
67
68
68
68
67
68
68
69
67
69
68
70
69
69
69
69
69
71
70
71
71
70
71
71
72
70
72
71
71
72
71
71
71
72
71
72
73
72
72
75
73
72
73
73
73
74
72
74
74
74
74
74
74
76
74
76
75
75
76
75
76
77
77
76
76
75
76
76
77
77
77
76
78
78
77
78
78
78
78
79
79
78
79
79
79
80
79
79
78
79
79
79
79
80
79
81
81
81
81
79
81
82
82
79
82
82
81
82
82
82
82
83
82
81
82
83
83
83
84
83
83
84
84
84
83
86
85
86
85
86
85
85
85
85
86
86
86
86
86
86
86
86
86
87
86
86
87
88
87
88
88
88
89
88
88
88
89
89
88
89
89
88
90
88
90
89
89
90
90
90
89
89
90
91
91
90
90
92
92
91
91
92
91
92
91
92
91
92
92
94
93
92
93
93
94
93
92
94
94
93
96
96
95
96
95
96
96
95
95
95
96
96
96
96
97
96
97
96
97
96
96
97
96
96
96
97
97
98
97
99
98
97
98
99
98
99
99
98
99
99
98
99
98
99
99
100
99
100
99
98
98
98
99
98
99
98
98
99
97
98
98
98
98
97
97
98
99
98
98
97
97
97
96
97
97
97
98
97
97
96
96
96
96
96
96
96
96
96
96
96
96
96
96
96
96
95
96
96
96
95
95
96
96
96
96
94
94
96
96
96
95
94
94
93
94
93
94
94
93
93
94
93
94
93
94
93
92
92
92
93
93
93
92
91
92
91
92
92
92
92
91
92
92
92
92
90
91
91
91
89
90
91
91
90
91
91
91
90
91
90
89
91
91
91
90
89
90
90
89
89
89
89
88
89
88
90
88
88
89
89
89
89
89
89
89
89
88
89
89
88
88
89
89
88
87
87
88
87
88
88
87
87
88
88
88
87
85
86
86
88
86
88
85
86
87
85
86
86
86
85
85
85
86
85
86
86
86
86
84
85
85
85
83
85
85
84
85
85
85
84
84
84
84
85
84
84
84
84
85
84
84
83
83
85
84
83
82
82
84
84
83
83
83
83
83
82
82
81
82
83
83
82
83
81
82
83
83
83
81
81
81
82
83
82
81
80
83
82
82
81
79
82
81
81
82
81
81
82
81
80
79
81
81
81
79
80
80
80
80
79
79
79
79
79
80
80
79
80
79
80
79
79
79
78
79
79
78
78
78
79
79
79
78
78
79
78
79
77
78
78
78
79
79
79
78
78
77
79
79
77
78
78
77
77
77
76
78
77
77
77
77
78
78
77
78
76
77
78
75
77
77
76
76
77
76
76
77
76
76
76
76
77
75
76
75
75
75
76
75
75
75
76
74
75
75
76
75
73
74
74
76
75
75
74
75
75
75
73
73
74
73
73
74
75
73
74
75
73
73
64
0
